cos_exp_results
+---------+-------------+----------------------+-------------------------+------------------------+------------------------------------+
| Epsilon | Num samples | Initial num of knots | Best num interior knots |    Cubic tolerance     | Error between cubic and lsq spline |
+---------+-------------+----------------------+-------------------------+------------------------+------------------------------------+
|   0.01  |      17     |          17          |            7            | 0.0076470467017570876  |        0.005545624847427932        |
|  0.001  |      17     |          17          |            9            |  0.12240395159877593   |        0.04716489186000716         |
|   0.01  |      33     |          33          |            14           | 0.0005346736834694887  |       0.0004804567330274345        |
|  0.001  |      33     |          33          |            14           |  0.012814427720390764  |        0.007760785770652423        |
|   0.01  |      65     |          65          |            43           | 9.282693173773282e-05  |       9.257139640450607e-05        |
|  0.001  |      65     |          65          |            26           | 0.0013276013934564457  |       0.0009926463887154346        |
|   0.01  |     129     |         129          |            99           | 8.039934264347792e-06  |        7.7270407162211e-06         |
|  0.001  |     129     |         129          |            80           | 0.00013016029371504256 |       0.00011990289340376222       |
|   0.01  |     257     |         257          |           217           | 3.2492147417073625e-07 |       2.8710231658735097e-07       |
|  0.001  |     257     |         257          |           203           | 1.0412142897875398e-05 |       9.293907082708053e-06        |
+---------+-------------+----------------------+-------------------------+------------------------+------------------------------------+