runge_results
+---------+-------------+----------------------+-------------------------+--------------------+------------------------------------+
| Epsilon | Num samples | Initial num of knots | Best num interior knots |  Cubic tolerance   | Error between cubic and lsq spline |
+---------+-------------+----------------------+-------------------------+--------------------+------------------------------------+
|   0.01  |      17     |          17          |            3            | 0.7963593512010174 |       0.0002080631201715477        |
|  0.001  |      17     |          17          |            3            | 0.7973600833016838 |       0.0006214639137109013        |
|   0.01  |      33     |          33          |            3            | 0.7837173227483458 |        0.007561485626908948        |
|  0.001  |      33     |          33          |            3            | 0.784421002686942  |        0.004253742054649096        |
|   0.01  |      65     |          65          |            3            | 0.7767395809052807 |        0.05726072356779932         |
|  0.001  |      65     |          65          |            3            | 0.7771886295470494 |        0.04567792926749786         |
|   0.01  |     129     |         129          |            3            | 0.7730888143188875 |        0.31192180540184217         |
|  0.001  |     129     |         129          |            3            | 0.7733591312963186 |         0.2469073187554665         |
|   0.01  |     257     |         257          |            4            | 0.7712317687018723 |         0.7011501816767647         |
|  0.001  |     257     |         257          |            4            | 0.7713887046119393 |         0.5395928180454854         |
+---------+-------------+----------------------+-------------------------+--------------------+------------------------------------+