x_p_w_same_mesh
+---------+-------------+----------------------+-------------------------+------------------------+------------------------------------+
| Epsilon | Num samples | Initial num of knots | Best num interior knots |    Cubic tolerance     | Error between cubic and lsq spline |
+---------+-------------+----------------------+-------------------------+------------------------+------------------------------------+
|   0.01  |      17     |          17          |            7            |  0.007644520499180518  |        0.005600113088888706        |
|  0.001  |      17     |          17          |            9            |  0.12240126324740588   |        0.04720620069438653         |
|   0.01  |      33     |          33          |            13           | 0.0005346736330892332  |       0.00048774007207182113       |
|  0.001  |      33     |          33          |            14           |  0.012814237936699925  |        0.007985998817849265        |
|   0.01  |      65     |          65          |            25           | 9.282692438417062e-05  |       6.555733471531877e-05        |
|  0.001  |      65     |          65          |            26           | 0.0013275888217776713  |       0.0009732174690087643        |
|   0.01  |     129     |         129          |            53           | 8.039933689141243e-06  |       5.281547259969321e-06        |
|  0.001  |     129     |         129          |            57           | 0.00013015944851539965 |       0.00010507207960409361       |
|   0.01  |     257     |         257          |           116           | 3.2492145241036496e-07 |       3.1933890563828893e-07       |
|  0.001  |     257     |         257          |           114           | 1.041208651922712e-05  |        9.29390955250152e-06        |
+---------+-------------+----------------------+-------------------------+------------------------+------------------------------------+