cos_exp_results
+---------+-------------+----------------------+-------------------------+-----------------------+------------------------------------+
| Epsilon | Num samples | Initial num of knots | Best num interior knots |    Cubic tolerance    | Error between cubic and lsq spline |
+---------+-------------+----------------------+-------------------------+-----------------------+------------------------------------+
|   0.01  |      17     |          17          |            3            |   0.3790698069117784  |       0.0028945537556952505        |
|  0.001  |      17     |          17          |            3            |   0.8631842289354459  |       0.0029423982420974104        |
|   0.01  |      33     |          33          |            3            |   0.1602980464090935  |        0.002368219158634055        |
|  0.001  |      33     |          33          |            3            |   0.7758872810014108  |        0.003661949875261916        |
|   0.01  |      65     |          65          |            3            |  0.036461415516836126 |        0.003573260537038103        |
|  0.001  |      65     |          65          |            3            |   0.636761686613168   |       0.0041033609719908215        |
|   0.01  |     129     |         129          |            7            |  0.00475678286875314  |        0.003907715078346308        |
|  0.001  |     129     |         129          |            3            |  0.44342690461389345  |        0.004291519460473792        |
|   0.01  |     257     |         257          |            80           | 0.0004137545051150493 |       0.0004111404969231458        |
|  0.001  |     257     |         257          |            3            |  0.22416444514564549  |       0.0033420116798419386        |
+---------+-------------+----------------------+-------------------------+-----------------------+------------------------------------+