x_p_w_same_mesh
+---------+-------------+----------------------+-------------------------+------------------------+------------------------------------+
| Epsilon | Num samples | Initial num of knots | Best num interior knots |    Cubic tolerance     | Error between cubic and lsq spline |
+---------+-------------+----------------------+-------------------------+------------------------+------------------------------------+
|   0.01  |      17     |          17          |            3            |   0.3790674388839862   |       0.0031661068798747305        |
|  0.001  |      17     |          17          |            3            |   0.8631832942002573   |       0.0032153231270130034        |
|   0.01  |      33     |          33          |            3            |   0.1602978880379029   |        0.003337924068252132        |
|  0.001  |      33     |          33          |            3            |   0.7758871987433834   |        0.004714879518537482        |
|   0.01  |      65     |          65          |            3            |  0.03646140537745157   |       0.0018611158401715677        |
|  0.001  |      65     |          65          |            3            |   0.6367616802077313   |        0.005575355164398499        |
|   0.01  |     129     |         129          |            6            |  0.004756782229229151  |        0.004708808928396549        |
|  0.001  |     129     |         129          |            3            |  0.44342690401772134   |        0.005978679992302633        |
|   0.01  |     257     |         257          |            19           | 0.00041375446785185677 |       0.00037601618795134184       |
|  0.001  |     257     |         257          |            3            |  0.22416444510838285   |        0.005327451180575657        |
+---------+-------------+----------------------+-------------------------+------------------------+------------------------------------+